Date	Time	sina	sohu
120208	84502	66.62	52.19
120208	84602	66.63	52.465
120208	84702	66.6	52.57
120208	84802	66.88	52.45
120208	84902	67.05	52.5702
120208	85002	67.22	52.46
120208	85102	67.35	52.49
120208	85202	67.3719	52.8
120208	85302	67.49	53.01
120208	85402	67.48	53.22
120208	85502	67.37	53.3
120208	85602	67.34	53.36
120208	85702	67.36	53.5
120208	85802	67.4192	53.57
120208	85902	67.4	53.5
120208	90002	67.12	53.314
120208	90102	67.08	53.2232
120208	90202	67	53.26
120208	90302	67.061	53.1
120208	90402	67.0708	53.03
120208	90502	66.95	53.04
120208	90602	66.85	52.96
120208	90702	66.92	53.11
120208	90802	66.85	53.16
120208	90902	66.71	53.01
120208	91102	66.8	53.15
120208	91202	66.68	53.145
120208	91302	66.45	53.07
120208	91402	66.6993	53.011
120208	91502	66.53	53.05
120208	91602	66.72	53.09
120208	91702	66.83	53.07
120208	105550	65.39	52.13
120208	105650	65.3	52.09
120208	105750	65.34	52.035
120208	105850	65.42	52.31
120208	105950	65.33	52.45
120208	110050	65.2	52.46
120208	110150	65.43	52.43
120208	110250	65.44	52.4625
120208	110350	65.28	52.52
120208	110450	65.33	52.45
120208	110550	65.25	52.3257
120208	110650	65.26	52.36
120208	110750	65.362	52.27
120208	110850	65.36	52.23
120208	110950	65.48	52.18
120208	111050	65.53	52.24
120208	111150	65.51	52.4
120208	111250	65.47	52.29
120208	111350	65.47	52.31
120208	111450	65.51	52.44
120208	111550	65.59	52.45
120208	111650	65.84	52.55
120208	111750	65.78	52.7
120208	111850	65.75	52.73
120208	111950	65.8	52.73
120208	112050	65.985	52.58
120208	112150	65.96	52.57
120208	112250	65.869	52.54
120208	112350	65.85	52.4619
120208	112450	65.92	52.53
120208	112550	65.952	52.47
120208	112650	66.1	52.5408
120208	112750	66.07	52.57
120208	112850	66.26	52.6
120208	112950	66.281	52.65
120208	113050	66.245	52.5
120208	113150	66.34	52.51
120208	113250	66.3	52.6
120208	113350	66.24	52.62
120208	113450	66.03	52.4892
120208	113550	65.91	52.597
120208	113650	65.9498	52.56
120208	113750	65.99	52.55
120208	113850	66.03	52.55
120208	113950	66.01	52.53
120208	114051	65.94	52.5
120208	114151	65.93	52.43
120208	114251	65.8699	52.44
120208	114351	65.81	52.35
120208	114451	65.75	52.3
120208	114551	65.73	52.25
120208	114651	65.6	52.16
120208	114751	65.6801	52.07
120208	114851	65.4908	51.94
120208	114951	65.7	51.91
120208	115051	65.67	51.87
120208	115151	65.61	51.83
120208	115251	65.56	51.76
120208	115351	65.59	51.85
120208	115451	65.71	51.96
120208	115551	65.88	51.93
120208	115651	65.85	51.88
120208	115751	65.78	51.89
120208	115851	65.81	51.88
120208	115951	65.67	51.87
120208	120051	65.69	51.86
120208	120151	65.67	51.97
120208	120251	65.81	52.03
120208	120351	65.64	51.97
120208	120451	65.59	52.08
120208	120551	65.64	52.0001
120208	120651	65.61	52.01
120208	120751	65.66	52.05
120208	120851	65.67	52.09
120208	120951	65.59	52.09
120208	121051	65.7	52.146
120208	121151	65.8	52.1692
120208	121251	65.84	52.11
120208	121351	65.86	52.14
120208	121451	65.9986	52.14
120208	121551	65.92	52.15
120208	121651	65.83	52.14
120208	121751	65.79	52.14
120208	121851	65.8099	52.15
120208	121951	65.73	52.08
120208	122051	65.75	52.041
120208	122151	65.68	52.06
120208	122251	65.71	52.12
120208	122351	65.75	52.19
120208	122451	65.72	52.156
120208	122551	65.63	52.14
120208	122651	65.56	52.1
120208	122751	65.62	52.09
120208	122851	65.58	52.05
120208	122951	65.51	52.05
120208	123051	65.45	52.04
120208	123151	65.5	52.07
120208	123251	65.4999	52.05
120208	123351	65.55	52.03
120208	123451	65.51	52.06
120208	123551	65.49	52.05
120208	123651	65.55	52.03
120208	123751	65.66	52.06
120208	123851	65.63	52.0208
120208	123951	65.74	52.05
120208	124051	65.75	52.056
120208	124151	65.82	52.06
120208	124251	65.8	52.06
120208	124351	65.76	52.1192
120208	124451	65.88	52.12
120208	124551	65.9	52.08
120208	124651	65.73	52.1
120208	124751	65.66	52.09
120208	124851	65.57	52.07
120208	124951	65.64	52.13
120208	125051	65.77	52.11
120208	125151	65.79	52.15
120208	125251	65.77	52.18
120208	125351	65.81	52.19
120208	125451	65.73	52.2
120208	125551	65.66	52.17
120208	125651	65.66	52.17
120208	125751	65.62	52.17
120208	125851	65.51	52.15
120208	125951	65.5601	52.14
120208	130051	65.58	52.08
120208	130151	65.62	52.1
120208	130251	65.61	52.14
120208	130351	65.58	52.12
120208	130451	65.57	52.1292
120208	130551	65.58	52.1
120208	130651	65.56	52.1
120208	130751	65.57	52.09
120208	130851	65.6	52.11
120208	130951	65.6	52.06
120208	131051	65.65	52.025
120208	131151	65.71	52.04
120208	131251	65.67	52.02
120208	131351	65.65	52.027
120208	131451	65.68	52.13
120208	131551	65.69	52.14
120208	131651	65.78	52.09
120208	131751	65.77	51.95
120208	131851	65.73	51.98
120208	131951	65.671	52.01
120208	132051	65.71	52.01
120208	132151	65.75	52.03
120208	132251	65.79	52.04
120208	132351	65.79	52.07
120208	132451	65.7	52.05
120208	132551	65.7499	52.03
120208	132651	65.73	52.03
120208	132751	65.7	52.039
120208	132851	65.75	52.03
120208	132951	65.67	52
120208	133051	65.71	51.99
120208	133151	65.705	52
120208	133251	65.73	51.99
120208	133351	65.76	51.91
120208	133451	65.79	51.928
120208	133551	65.82	51.96
120208	133651	65.82	51.97
120208	133751	65.755	51.99
120208	133851	65.7	51.98
120208	133951	65.71	51.99
120208	134051	65.87	52
120208	134151	65.839	52.055
120208	134251	65.8	52
120208	134351	65.78	52.04
120208	134451	65.78	52.02
120208	134551	65.79	52.08
120208	134651	65.78	52.075
120208	134751	65.866	52.03
120208	134851	65.8193	52.03
120208	134951	65.83	52
120208	135051	65.82	51.95
120208	135151	65.9	52
120208	135251	65.92	52.01
120208	135351	65.99	52.05
120208	135451	65.98	52.05
120208	135551	65.9	52.0033
120208	135651	65.85	52.01
120208	135751	65.87	52.1
120208	135851	65.95	52.07
120208	135951	65.75	52.06
120208	140051	65.8	52.05
120208	140151	65.77	52.07
120208	140251	65.78	52.03
120208	140351	65.81	52.02
120208	140451	65.81	52.03
120208	140551	65.85	52
120208	140651	65.81	52
120208	140751	65.82	51.95
120208	140851	65.85	51.9799
120208	140951	65.81	51.99
120208	141051	65.75	51.98
120208	141151	65.61	51.98
120208	141251	65.66	51.95
120208	141351	65.7	51.98
120208	141451	65.66	51.99
120208	141551	65.58	51.97
120208	141651	65.63	52
120208	141751	65.7199	51.99
120208	141851	65.683	52
120208	141951	65.69	51.98
120208	142051	65.72	51.995
120208	142151	65.67	51.9971
120208	142251	65.6	51.98
120208	142351	65.64	51.965
120208	142451	65.62	52
120208	142551	65.6	51.98
120208	142651	65.55	51.96
120208	142751	65.65	51.95
120208	142851	65.75	51.93
120208	142951	65.75	51.91
120208	143051	65.71	51.91
120208	143151	65.65	51.95
120208	143251	65.63	51.9512
120208	143351	65.71	51.95
120208	143451	65.68	51.95
120208	143551	65.65	51.95
120208	143651	65.64	51.948
120208	143751	65.68	51.95
120208	143851	65.701	51.96
120208	143951	65.78	51.97
120208	144051	65.835	52.04
120208	144151	65.84	52.06
120208	144251	65.87	52.05
120208	144351	65.82	52.01
120208	144451	65.8008	51.98
120208	144551	65.821	51.9799
120208	144651	65.83	51.93
120208	144751	65.78	51.96
120208	144851	65.7575	51.9536
120208	144951	65.7	51.94
120208	145051	65.67	51.921
120208	145151	65.71	51.92
120208	145251	65.63	51.93
120208	145351	65.69	51.946
120208	145451	65.68	51.95
120208	145551	65.67	51.96
120208	145651	65.67	51.93
120208	145751	65.67	51.921
120208	145851	65.68	51.9299
120208	145951	65.72	51.949
120208	150051	65.71	51.95
120208	150151	65.65	51.94
120208	150251	65.73	51.93
120208	150351	65.69	51.92
120208	150451	65.7	51.91
120208	150551	65.63	51.91
120208	150651	65.631	51.88
120208	150751	65.72	51.91
120208	150851	65.7099	51.89
120208	150951	65.69	51.91
120208	151051	65.69	51.899
120208	151151	65.73	51.87
120208	151251	65.705	51.86
120208	151351	65.71	51.84
120208	151451	65.66	51.85
120208	151551	65.69	51.84
120209	84600	66.3	52.36
120209	84700	66.46	52.66
120209	84800	66.5	52.52
120209	84900	66.136	52.07
120209	85000	66.345	52.326
120209	85100	66.42	52.21
120209	85200	66.31	52.12
120209	85300	65.88	52.0001
120209	85400	65.75	52.4
120209	85600	65.765	52.32
120209	85700	65.62	52.29
120209	85800	65.53	52.11
120209	85900	65.444	52.05
120209	90000	65.53	51.91
120209	90100	65.94	52.02
120209	90200	65.7	51.9
120209	90300	65.68	51.96
120209	90400	65.38	51.93
120209	90500	64.83	51.68
120209	90600	64.98	52.04
120209	90700	65.22	51.9
120209	90800	65.3	51.69
120209	90900	65.34	51.89
120209	91000	65.44	51.81
120209	91100	65.44	51.87
120209	91200	65.4	51.91
120209	91300	65.17	51.83
120209	91400	65.2892	51.916
120209	91500	65.16	51.83
120209	91600	65.44	51.86
120209	91700	65.63	51.84
120209	91800	65.5	51.75
120209	91900	65.58	51.81
120209	92000	65.4799	51.66
120209	92100	65.57	51.631
120209	92200	65.3201	51.63
120209	92300	65.31	51.2428
120209	92400	65.0854	51.22
120209	92500	65.07	51.24
120209	92600	65.1	51.27
120209	92700	65.03	51.28
120209	92800	64.85	51.23
120209	92900	64.86	51.309
120209	93000	64.64	51.26
120209	93100	64.73	51.29
120209	93200	64.51	51.291
120209	93300	64.44	51.21
120209	93400	64.4	51.14
120209	93500	64.28	51.16
120209	93600	64	50.79
120209	93700	63.6	50.69
120209	93800	63.72	50.57
120209	93900	63.9105	50.7
120209	94000	64.04	50.67
120209	94100	64.14	50.63
120209	94200	64.1	50.56
120209	94300	64.0396	50.56
120209	94400	63.9635	50.51
120209	94500	63.96	50.46
120209	94600	63.87	50.48
120209	94700	63.83	50.64
120209	94800	63.66	50.496
120209	94900	63.51	50.46
120209	95000	63.4	50.5
120209	95100	63.4301	50.54
120209	95200	63.69	50.65
120209	95300	63.57	50.64
120209	95400	63.7699	50.74
120209	95500	64.07	50.74
120209	95600	63.95	50.81
120209	95700	63.96	50.8
120209	95800	64.05	51.02
120209	95900	64.33	50.99
120209	100000	64.18	51.04
120209	100100	64.32	51.209
120209	100200	64.392	51.23
120209	100300	64.22	51.14
120209	100400	64.27	51.18
120209	100500	63.98	51.21
120209	100600	63.77	51.09
120209	100700	64.07	51.11
120209	100800	64.07	51.07
120209	100900	64.13	51.0493
120209	101000	64.2	51.1
120209	101100	64.31	51.15
120209	101200	64.3793	51.11
120209	101300	64.48	51.08
120209	101400	64.21	50.8
120209	101500	64.05	50.79
120209	101600	64.31	50.79
120209	101700	64.08	50.7
120209	101800	64.2399	50.7988
120209	101900	64.02	50.75
120209	102000	64.24	50.83
120209	102100	64.18	50.76
120209	102200	64.05	50.7
120209	102300	63.99	50.66
120209	102400	64.05	50.65
120209	102500	64.042	50.56
120209	102600	64.1	50.67
120209	102700	64.1	50.73
120209	102800	64.032	50.63
120209	102900	63.9	50.55
120209	103000	64.07	50.56
120209	103100	64.08	50.57
120209	103200	64.0092	50.5
120209	103300	63.961	50.51
120209	103400	64.01	50.54
120209	103500	63.95	50.55
120209	103600	63.91	50.53
120209	103700	64.08	50.67
120209	103800	63.9	50.55
120209	103900	63.95	50.6
120209	104000	63.99	50.65
120209	104100	63.9799	50.61
120209	104200	63.82	50.5
120209	104300	63.71	50.46
120209	104400	63.801	50.52
120209	104500	63.9901	50.64
120209	104600	63.85	50.54
120209	104700	64	50.7
120209	104800	63.95	50.81
120209	104900	63.9995	50.9
120209	105000	63.9892	50.85
120209	105100	64.05	50.85
120209	105200	64.0999	50.86
120209	105300	63.99	50.88
120209	105400	63.95	50.81
120209	105500	63.88	50.73
120209	105600	63.98	50.75
120209	105700	63.9	50.66
120209	105800	63.886	50.8
120209	105900	63.92	50.83
120209	110000	63.93	50.93
120209	110100	63.849	51
120209	110200	63.84	50.926
120209	110300	63.884	51
120209	110400	64.105	51.05
120209	110600	63.96	50.91
120209	110700	64.01	50.95
120209	110800	64.09	51.027
120209	110900	64.01	50.95
120209	111000	64.06	50.9
120209	111100	64.05	50.9008
120209	111200	64	51
120209	111300	63.9799	50.93
120209	111400	63.947	50.94
120209	111500	63.995	50.95
120209	111600	64.07	51
120209	111700	63.9908	50.97
120209	111800	64.01	50.97
120209	111900	63.9	50.95
120209	112000	63.99	50.96
120209	112100	64.0599	51
120209	112200	64.08	51.01
120209	112300	64.12	51
120209	112400	64.1282	51.18
120209	112500	64.02	51.14
120209	112600	63.98	51.11
120209	112700	64.04	51.28
120209	112800	64.06	51.266
120209	112900	64.01	51.3
120209	113000	64.09	51.29
120209	113100	64.1399	51.27
120209	113200	64.11	51.1
120209	113300	64.1	51.05
120209	113400	64.19	51.05
120209	113500	64.33	51.09
120209	113600	64.479	51.09
120209	113700	64.46	51.12
120209	113800	64.643	51.06
120209	113900	64.59	51.05
120209	114000	64.7207	51.0908
120209	114100	64.73	51.08
120209	114200	64.6348	51.04
120209	114300	64.6	51.04
120209	114400	64.57	51.03
120209	114500	64.6	51.03
120209	114600	64.58	51.055
120209	114700	64.74	51.055
120209	114800	64.83	51.08
120209	114900	64.745	51.05
120209	115000	64.76	51.07
120209	115100	64.943	51.03
120209	115200	65.0699	51.03
120209	115300	64.92	50.98
120209	115400	64.9	50.9
120209	115500	64.84	50.87
120209	115600	65.05	50.85
120209	115700	65.26	50.85
120209	115800	65.4	50.81
120209	115900	65.719	51
120209	120000	65.41	50.93
120209	120100	65.421	50.9799
120209	120200	65.629	50.92
120209	120300	65.7	51.054
120209	120400	65.94	51.1756
120209	120500	66.68	51.5
120209	120600	67.33	51.43
120209	120700	67.19	51.34
120209	120800	66.93	51.37
120209	120900	66.91	51.38
120209	121000	66.97	51.4
120209	121100	66.65	51.429
120209	121200	66.88	51.35
120209	121300	66.75	51.35
120209	121400	66.82	51.39
120209	121500	66.978	51.53
120209	121600	66.74	51.45
120209	121700	66.51	51.43
120209	121800	66.58	51.3744
120209	121900	66.4	51.38
120209	122000	66.301	51.36
120209	122100	66.3	51.2
120209	122200	66.525	51.23
120209	122300	66.33	51.1825
120209	122400	66.43	51.17
120209	122500	66.17	51.06
120209	122600	66.34	51.01
120209	122700	66.4509	50.94
120209	122800	66.32	50.95
120209	122900	66.43	50.99
120209	123000	66.4	50.94
120209	123100	66.699	50.99
120209	123200	66.42	50.94
120209	123300	66.61	51.04
120209	123400	66.4	51.01
120209	123500	66.36	51.039
120209	123600	66.38	51.039
120209	123700	66.46	51.02
120209	123800	66.15	50.97
120209	123900	66.2	51.01
120209	124000	66.04	50.99
120209	124100	65.94	50.99
120209	124200	66.092	51.04
120209	124300	66.072	51.04
120209	124400	66.17	51
120209	124500	66.2	51.064
120209	124600	66.14	51.024
120209	124700	66.08	51.132
120209	124800	66.18	51.2
120209	124900	66.21	51.14
120209	125000	66.17	51
120209	125100	66.19	51.11
120209	125200	66.28	51.061
120209	125300	66.58	51.06
120209	125400	66.468	51.19
120209	125500	66.49	51.1512
120209	125600	66.39	51.14
120209	125700	66.38	51.13
120209	125800	66.32	51.1
120209	125900	66.25	51.06
120209	130000	66.2	51.05
120209	130100	66.22	51.05
120209	130200	66.35	51.08
120209	130300	66.3204	51
120209	130400	66.43	51.03
120209	130500	66.34	51.05
120209	130600	66.35	51.03
120209	130700	66.46	51.071
120209	130800	66.5	51.07
120209	130900	66.5	51.06
120209	131000	66.56	51.05
120209	131100	66.69	51.02
120209	131200	66.74	51.1
120209	131300	66.57	51.1008
120209	131400	66.52	51.1
120209	131500	66.5	51.19
120209	131600	66.48	51.18
120209	131700	66.37	51.1
120209	131800	66.27	51.22
120209	131900	66.31	51.27
120209	132000	66.25	51.26
120209	132100	66.25	51.24
120209	132200	66.13	51.11
120209	132300	65.97	51.17
120209	132400	66	51.21
120209	132500	65.95	51.26
120209	132600	66.12	51.21
120209	132700	66.1	51.17
120209	132800	66.12	51.17
120209	132900	66.21	51.25
120209	133000	66.06	51.25
120209	133100	66.04	51.25
120209	133200	66.02	51.2
120209	133300	66.05	51.14
120209	133400	66.09	51.14
120209	133500	65.858	51.17
120209	133600	66.0168	51.18
120209	133700	65.8	51.21
120209	133800	65.85	51.13
120209	133900	65.91	51.14
120209	134000	65.9003	51.1
120209	134100	66	51.16
120209	134200	66.13	51.138
120209	134300	66.06	51.1
120209	134400	65.98	51.1
120209	134500	65.99	51.12
120209	134600	65.82	51.1
120209	134700	65.77	51.14
120209	134800	65.78	51.17
120209	134900	65.8	51.1
120209	135000	65.92	51.1336
120209	135100	65.81	51.11
120209	135200	65.8	51.166
120209	135300	65.88	51.1
120209	135400	65.75	51.11
120209	135500	65.75	51.15
120209	135600	65.72	51.13
120209	135700	65.71	51.11
120209	135800	65.86	51.17
120209	135900	65.75	51.12
120209	140000	65.8	51.13
120209	140100	65.73	51.1
120209	140200	65.72	51.08
120209	140300	65.82	51.08
120209	140400	65.77	51.05
120209	140500	65.69	51.1
120209	140600	65.75	51.11
120209	140700	65.74	51.15
120209	140800	65.73	51.14
120209	140900	65.71	51.1
120209	141000	65.63	51.09
120209	141100	65.69	51.08
120209	141200	65.74	51.1
120209	141300	65.69	51.05
120209	141400	65.72	51.04
120209	141500	65.73	51
120209	141600	65.59	51.07
120209	141700	65.46	51.05
120209	141800	65.41	51.06
120209	141900	65.5789	51.03
120209	142000	65.55	51.036
120209	142100	65.7	51.087
120209	142200	65.7	51.07
120209	142300	65.71	51.08
120209	142400	65.73	51.04
120209	142500	65.72	51.05
120209	142600	65.73	51.035
120209	142700	65.69	51.02
120209	142800	65.71	51.02
120209	142900	65.7	51.03
120209	143000	65.58	50.95
120209	143100	65.5506	50.97
120209	143200	65.57	50.97
120209	143300	65.54	50.95
120209	143400	65.375	50.95
120209	143500	65.46	50.99
120209	143600	65.28	50.97
120209	143700	65.288	50.95
120209	143800	65.34	50.98
120209	143900	65.31	51.01
120209	144000	65.3799	51.02
120209	144100	65.35	51.07
120209	144200	65.42	51.08
120209	144300	65.46	51.09
120209	144400	65.42	51.08
120209	144500	65.59	51.07
120209	144600	65.57	51.08
120209	144700	65.62	51.09
120209	144800	65.7	51.08
120209	144900	65.67	51.1
120209	145000	65.76	51.1
120209	145100	65.63	51.06
120209	145200	65.48	51.07
120209	145300	65.612	51.08
120209	145400	65.6	51.06
120209	145500	65.63	51.03
120209	145600	65.65	51.0799
120209	145700	65.66	51.01
120209	145800	65.649	51
120209	145900	65.61	50.98
120209	150000	65.4	50.99
120209	150100	65.46	50.92
120209	150200	65.48	50.9514
120209	150300	65.47	50.95
120209	150400	65.44	50.96
120209	150500	65.43	50.96
120209	150600	65.4	50.91
120209	150700	65.4	50.95
120209	150800	65.44	50.97
120209	150900	65.39	50.9896
120209	151000	65.44	50.97
120209	151100	65.42	50.95
120209	151200	65.4333	50.9
120209	151300	65.44	50.91
120209	151400	65.46	50.91
120209	151500	65.43	50.89